186 6
150 5
180 6
192 6
180 3
850
750
660
700
319
312
322
314
1500
317
269
555
1080
1350
635
307
625
318
304
291
403
570
900
2000
298
301
297
292
271
288
261
294
650
272
615
860
273
545
1050
409
407
270 3
373
610
585
356
411
241
267
575
327
279
281
155 5
120 4
221
590
263
268
287
343
278
257
1600
284
262
274
180 4
282
150 3
160 5
100 4
125 5
120 2
254
485
560
475
525
565
333
248
276
140 2
326
515
535
530
505
237
234
238
100 2
353
495
239
316
815
520
490
123 3
1000
510
226
218
128 4
244
470
445
217
408
680
540
425
222
435
465
404
247
406
455
600
313
308
490 2
309
201
124 4
90 2
365
640
355
345
415
60 6
395
385
335
440
293
299
289
325
420
296
580
180 2
253
480
460
266
200 4
283
151
259
277
251
286
375
75 3
243
249
405
174
400 2
197
410
189
380
152 4
187
178
167
196
191
192
168
82 2
93 3
370
188
198
182
236
390
194
232
164
246
169
402
340
315
360
302
310
66 6
90 3
90 6
320
213
330
229
223
224
214
228
212
219
306
96 3
203
800
209
248 4
207
227
295
50 5
500
258
450
550
285
199
193
430
143
233
231
184
146
171
149
148
144
142
153
305
157
154
172
117
55 5
173
75 5
256
252
162
176
235
139
179
30 3
290
216
270
275
255
103
280
211
119
265
129
101
181
123
260
161
177
206
202
137
208
64 2
98
183
186
97
225
99
220
128
126
240
159
215
147
156
122
152
163
166
195
84 2
200 2
138
186 2
136
134
210
131
205
242
133
88
141
45 3
175
104
127
250
33 3
190
92
350
96
94
87
180
107
165
245
264
121
160
155
230
113
118
30 6
111
108 4
109
36 4
18 6
114
300
204
108
145
89
74
82
132
124
80 4
15 5
25 5
78
135
91
102
112
185
60 4
130
73
76
83
400
84
77
81
79
116
158
9 3
140
170
125
22 2
106
71
120
69
40 4
57
54
67
93
12 6
105
10 5
110
85
16 4
51
150
115
30 2
53
200
60 2
15 3
68
64
66
61
62 2
49
50 2
24 4
59
63
56
44 4
58
52
6 3
75
90
5 5
47
43
3 3
44
86
20 4
62
6 6
46
70
95
37
65
42
41
72
60
20 2
80
38
8 2
39
32
28
26
48
34
33
50
100
19
55
21
24 2
29
45
17
23
36
13
40
12 4
27
31
10 2
22
35
7
16
18
14
6 2
8 4
24
25
4 4
30
9
11
8
6
12
20
2 2
4 2
4
15
10
3
5
0 2
2
1
0